   4.0000000e+00   1.0000000e+00   1.0000000e+00
   8.0000000e+00   1.0000000e+00   1.0000000e+00
   1.2000000e+01   1.0000000e+00   1.0000000e+00
   1.6000000e+01   1.0000000e+00   1.0000000e+00
   2.0000000e+01   1.0000000e+00   1.0000000e+00
   2.4000000e+01   1.0000000e+00   1.0000000e+00
   2.8000000e+01   1.0000000e+00   1.0000000e+00
   3.2000000e+01   1.0000000e+00   1.0000000e+00
   3.6000000e+01   1.0000000e+00   1.0000000e+00
   4.0000000e+01   1.0000000e+00   1.0000000e+00
   4.4000000e+01   1.0000000e+00   1.0000000e+00
   4.8000000e+01   1.0000000e+00   1.0000000e+00
   5.2000000e+01   1.0000000e+00   1.0000000e+00
   5.6000000e+01   1.0000000e+00   1.0000000e+00
   6.0000000e+01   1.0000000e+00   1.0000000e+00
   6.4000000e+01   1.0000000e+00   1.0000000e+00
   6.8000000e+01   1.0000000e+00   1.0000000e+00
   7.2000000e+01   1.0000000e+00   1.0000000e+00
   7.6000000e+01   1.0000000e+00   1.0000000e+00
   8.0000000e+01   1.0000000e+00   1.0000000e+00
   8.4000000e+01   1.0000000e+00   1.0000000e+00
   8.8000000e+01   1.0000000e+00   1.0000000e+00
   9.2000000e+01   1.0000000e+00   1.0000000e+00
   9.6000000e+01   1.0000000e+00   1.0000000e+00
   1.0000000e+02   1.0000000e+00   1.0000000e+00
   1.0400000e+02   1.0000000e+00   1.0000000e+00
   1.0800000e+02   1.0000000e+00   1.0000000e+00
   1.1200000e+02   1.0000000e+00   1.0000000e+00
   1.1600000e+02   1.0000000e+00   1.0000000e+00
   1.2000000e+02   1.0000000e+00   1.0000000e+00
   1.2400000e+02   1.0000000e+00   1.0000000e+00
   1.2800000e+02   1.0000000e+00   1.0000000e+00
   1.3200000e+02   1.0000000e+00   1.0000000e+00
   1.3600000e+02   1.0000000e+00   1.0000000e+00
   1.4000000e+02   1.0000000e+00   1.0000000e+00
   1.4400000e+02   1.0000000e+00   1.0000000e+00
   1.4800000e+02   1.0000000e+00   1.0000000e+00
   1.5200000e+02   1.0000000e+00   1.0000000e+00
   1.5600000e+02   1.0000000e+00   1.0000000e+00
   1.6000000e+02   1.0000000e+00   1.0000000e+00
   1.6400000e+02   1.0000000e+00   1.0000000e+00
   1.6800000e+02   1.0000000e+00   1.0000000e+00
   1.7200000e+02   1.0000000e+00   1.0000000e+00
   1.7600000e+02   1.0000000e+00   1.0000000e+00
   1.8000000e+02   1.0000000e+00   1.0000000e+00
   1.8400000e+02   1.0000000e+00   1.0000000e+00
   1.8800000e+02   1.0000000e+00   1.0000000e+00
   1.9200000e+02   1.0000000e+00   1.0000000e+00
   1.9600000e+02   1.0000000e+00   1.0000000e+00
   2.0000000e+02   1.0000000e+00   1.0000000e+00
   2.0400000e+02   1.0000000e+00   1.0000000e+00
   2.0800000e+02   1.0000000e+00   1.0000000e+00
   2.1200000e+02   1.0000000e+00   1.0000000e+00
   2.1600000e+02   1.0000000e+00   1.0000000e+00
   2.2000000e+02   1.0000000e+00   1.0000000e+00
   2.2400000e+02   1.0000000e+00   1.0000000e+00
   2.2800000e+02   1.0000000e+00   1.0000000e+00
   2.3200000e+02   1.0000000e+00   1.0000000e+00
   2.3600000e+02   1.0000000e+00   1.0000000e+00
   2.4000000e+02   1.0000000e+00   1.0000000e+00
   2.4400000e+02   1.0000000e+00   1.0000000e+00
   2.4800000e+02   1.0000000e+00   1.0000000e+00
   2.5200000e+02   1.0000000e+00   1.0000000e+00
   2.5600000e+02   1.0000000e+00   1.0000000e+00
   2.6000000e+02   1.0000000e+00   1.0000000e+00
   2.6400000e+02   1.0000000e+00   1.0000000e+00
   2.6800000e+02   1.0000000e+00   1.0000000e+00
   2.7200000e+02   1.0000000e+00   1.0000000e+00
   2.7600000e+02   1.0000000e+00   1.0000000e+00
   2.8000000e+02   1.0000000e+00   1.0000000e+00
   2.8400000e+02   1.0000000e+00   1.0000000e+00
   2.8800000e+02   1.0000000e+00   1.0000000e+00
   2.9200000e+02   1.0000000e+00   1.0000000e+00
   2.9600000e+02   1.0000000e+00   1.0000000e+00
   3.0000000e+02   1.0000000e+00   1.0000000e+00
   3.0400000e+02   1.0000000e+00   1.0000000e+00
   3.0800000e+02   1.0000000e+00   1.0000000e+00
   3.1200000e+02   1.0000000e+00   1.0000000e+00
   3.1600000e+02   1.0000000e+00   1.0000000e+00
   3.2000000e+02   1.0000000e+00   1.0000000e+00
   3.2400000e+02   1.0000000e+00   1.0000000e+00
   3.2800000e+02   1.0000000e+00   1.0000000e+00
   3.3200000e+02   1.0000000e+00   1.0000000e+00
   3.3600000e+02   1.0000000e+00   1.0000000e+00
   3.4000000e+02   1.0000000e+00   1.0000000e+00
   3.4400000e+02   1.0000000e+00   1.0000000e+00
   3.4800000e+02   1.0000000e+00   1.0000000e+00
   3.5200000e+02   1.0000000e+00   1.0000000e+00
   3.5600000e+02   1.0000000e+00   1.0000000e+00
   3.6000000e+02   1.0000000e+00   1.0000000e+00
   3.6400000e+02   1.0000000e+00   1.0000000e+00
   3.6800000e+02   1.0000000e+00   1.0000000e+00
   3.7200000e+02   1.0000000e+00   1.0000000e+00
   3.7600000e+02   1.0000000e+00   1.0000000e+00
   3.8000000e+02   1.0000000e+00   1.0000000e+00
   3.8400000e+02   1.0000000e+00   1.0000000e+00
   3.8800000e+02   1.0000000e+00   1.0000000e+00
   3.9200000e+02   1.0000000e+00   1.0000000e+00
   3.9600000e+02   1.0000000e+00   1.0000000e+00
   4.0000000e+02   1.0000000e+00   1.0000000e+00
   4.0400000e+02   1.0000000e+00   1.0000000e+00
   4.0800000e+02   1.0000000e+00   1.0000000e+00
   4.1200000e+02   1.0000000e+00   1.0000000e+00
   4.1600000e+02   1.0000000e+00   1.0000000e+00
   4.2000000e+02   1.0000000e+00   1.0000000e+00
   4.2400000e+02   1.0000000e+00   1.0000000e+00
   4.2800000e+02   1.0000000e+00   1.0000000e+00
   4.3200000e+02   1.0000000e+00   1.0000000e+00
   4.3600000e+02   1.0000000e+00   1.0000000e+00
   4.4000000e+02   1.0000000e+00   1.0000000e+00
   4.4400000e+02   1.0000000e+00   1.0000000e+00
   4.4800000e+02   1.0000000e+00   1.0000000e+00
   4.5200000e+02   1.0000000e+00   1.0000000e+00
   4.5600000e+02   1.0000000e+00   1.0000000e+00
   4.6000000e+02   1.0000000e+00   1.0000000e+00
   4.6400000e+02   1.0000000e+00   1.0000000e+00
   4.6800000e+02   1.0000000e+00   1.0000000e+00
   4.7200000e+02   1.0000000e+00   1.0000000e+00
   4.7600000e+02   1.0000000e+00   1.0000000e+00
   4.8000000e+02   1.0000000e+00   1.0000000e+00
   4.8400000e+02   1.0000000e+00   1.0000000e+00
   4.8800000e+02   1.0000000e+00   1.0000000e+00
   4.9200000e+02   1.0000000e+00   1.0000000e+00
   4.9600000e+02   1.0000000e+00   1.0000000e+00
   5.0000000e+02   1.0000000e+00   1.0000000e+00
   5.0400000e+02   1.0000000e+00   1.0000000e+00
   5.0800000e+02   1.0000000e+00   1.0000000e+00
   5.1200000e+02   1.0000000e+00   1.0000000e+00
   5.1600000e+02   1.0000000e+00   1.0000000e+00
   5.2000000e+02   1.0000000e+00   1.0000000e+00
   5.2400000e+02   1.0000000e+00   1.0000000e+00
   5.2800000e+02   1.0000000e+00   1.0000000e+00
   5.3200000e+02   1.0000000e+00   1.0000000e+00
   5.3600000e+02   1.0000000e+00   1.0000000e+00
   5.4000000e+02   1.0000000e+00   1.0000000e+00
   5.4400000e+02   1.0000000e+00   1.0000000e+00
   5.4800000e+02   1.0000000e+00   1.0000000e+00
   5.5200000e+02   1.0000000e+00   1.0000000e+00
   5.5600000e+02   1.0000000e+00   1.0000000e+00
   5.6000000e+02   1.0000000e+00   1.0000000e+00
   5.6400000e+02   1.0000000e+00   1.0000000e+00
   5.6800000e+02   1.0000000e+00   1.0000000e+00
   5.7200000e+02   1.0000000e+00   1.0000000e+00
   5.7600000e+02   1.0000000e+00   1.0000000e+00
   5.8000000e+02   1.0000000e+00   1.0000000e+00
   5.8400000e+02   1.0000000e+00   1.0000000e+00
   5.8800000e+02   1.0000000e+00   1.0000000e+00
   5.9200000e+02   1.0000000e+00   1.0000000e+00
   5.9600000e+02   1.0000000e+00   1.0000000e+00
   6.0000000e+02   1.0000000e+00   1.0000000e+00
   6.0400000e+02   1.0000000e+00   1.0000000e+00
   6.0800000e+02   1.0000000e+00   1.0000000e+00
   6.1200000e+02   1.0000000e+00   1.0000000e+00
   6.1600000e+02   1.0000000e+00   1.0000000e+00
   6.2000000e+02   1.0000000e+00   1.0000000e+00
   6.2400000e+02   1.0000000e+00   1.0000000e+00
   6.2800000e+02   1.0000000e+00   1.0000000e+00
   6.3200000e+02   1.0000000e+00   1.0000000e+00
   6.3600000e+02   1.0000000e+00   1.0000000e+00
   6.4000000e+02   1.0000000e+00   1.0000000e+00
   6.4400000e+02   1.0000000e+00   1.0000000e+00
   6.4800000e+02   1.0000000e+00   1.0000000e+00
   6.5200000e+02   1.0000000e+00   1.0000000e+00
   6.5600000e+02   1.0000000e+00   1.0000000e+00
   6.6000000e+02   1.0000000e+00   1.0000000e+00
   6.6400000e+02   1.0000000e+00   1.0000000e+00
   6.6800000e+02   1.0000000e+00   1.0000000e+00
   6.7200000e+02   1.0000000e+00   1.0000000e+00
   6.7600000e+02   1.0000000e+00   1.0000000e+00
   6.8000000e+02   1.0000000e+00   1.0000000e+00
   6.8400000e+02   1.0000000e+00   1.0000000e+00
   6.8800000e+02   1.0000000e+00   1.0000000e+00
   6.9200000e+02   1.0000000e+00   1.0000000e+00
   6.9600000e+02   1.0000000e+00   1.0000000e+00
   7.0000000e+02   1.0000000e+00   1.0000000e+00
   7.0400000e+02   1.0000000e+00   1.0000000e+00
   7.0800000e+02   1.0000000e+00   1.0000000e+00
   7.1200000e+02   1.0000000e+00   1.0000000e+00
   7.1600000e+02   1.0000000e+00   1.0000000e+00
   7.2000000e+02   1.0000000e+00   1.0000000e+00
   7.2400000e+02   1.0000000e+00   1.0000000e+00
   7.2800000e+02   1.0000000e+00   1.0000000e+00
   7.3200000e+02   1.0000000e+00   1.0000000e+00
   7.3600000e+02   1.0000000e+00   1.0000000e+00
   7.4000000e+02   1.0000000e+00   1.0000000e+00
   7.4400000e+02   1.0000000e+00   1.0000000e+00
   7.4800000e+02   1.0000000e+00   1.0000000e+00
   7.5200000e+02   1.0000000e+00   1.0000000e+00
   7.5600000e+02   1.0000000e+00   1.0000000e+00
   7.6000000e+02   1.0000000e+00   1.0000000e+00
   7.6400000e+02   1.0000000e+00   1.0000000e+00
   7.6800000e+02   1.0000000e+00   1.0000000e+00
   7.7200000e+02   1.0000000e+00   1.0000000e+00
   7.7600000e+02   1.0000000e+00   1.0000000e+00
   7.8000000e+02   1.0000000e+00   1.0000000e+00
   7.8400000e+02   1.0000000e+00   1.0000000e+00
   7.8800000e+02   1.0000000e+00   1.0000000e+00
   7.9200000e+02   1.0000000e+00   1.0000000e+00
   7.9600000e+02   1.0000000e+00   1.0000000e+00
   8.0000000e+02   1.0000000e+00   1.0000000e+00
   8.0400000e+02   1.0000000e+00   1.0000000e+00
   8.0800000e+02   1.0000000e+00   1.0000000e+00
   8.1200000e+02   1.0000000e+00   1.0000000e+00
   8.1600000e+02   1.0000000e+00   1.0000000e+00
   8.2000000e+02   1.0000000e+00   1.0000000e+00
   8.2400000e+02   1.0000000e+00   1.0000000e+00
   8.2800000e+02   1.0000000e+00   1.0000000e+00
   8.3200000e+02   1.0000000e+00   1.0000000e+00
   8.3600000e+02   1.0000000e+00   1.0000000e+00
   8.4000000e+02   1.0000000e+00   1.0000000e+00
   8.4400000e+02   1.0000000e+00   1.0000000e+00
   8.4800000e+02   1.0000000e+00   1.0000000e+00
   8.5200000e+02   1.0000000e+00   1.0000000e+00
   8.5600000e+02   1.0000000e+00   1.0000000e+00
   8.6000000e+02   1.0000000e+00   1.0000000e+00
   8.6400000e+02   1.0000000e+00   1.0000000e+00
   8.6800000e+02   1.0000000e+00   1.0000000e+00
   8.7200000e+02   1.0000000e+00   1.0000000e+00
   8.7600000e+02   1.0000000e+00   1.0000000e+00
   8.8000000e+02   1.0000000e+00   1.0000000e+00
   8.8400000e+02   1.0000000e+00   1.0000000e+00
   8.8800000e+02   1.0000000e+00   1.0000000e+00
   8.9200000e+02   1.0000000e+00   1.0000000e+00
   8.9600000e+02   1.0000000e+00   1.0000000e+00
   9.0000000e+02   1.0000000e+00   1.0000000e+00
   9.0400000e+02   1.0000000e+00   1.0000000e+00
   9.0800000e+02   1.0000000e+00   1.0000000e+00
   9.1200000e+02   1.0000000e+00   1.0000000e+00
   9.1600000e+02   1.0000000e+00   1.0000000e+00
   9.2000000e+02   1.0000000e+00   1.0000000e+00
   9.2400000e+02   1.0000000e+00   1.0000000e+00
   9.2800000e+02   1.0000000e+00   1.0000000e+00
   9.3200000e+02   1.0000000e+00   1.0000000e+00
   9.3600000e+02   1.0000000e+00   1.0000000e+00
   9.4000000e+02   1.0000000e+00   1.0000000e+00
   9.4400000e+02   1.0000000e+00   1.0000000e+00
   9.4800000e+02   1.0000000e+00   1.0000000e+00
   9.5200000e+02   1.0000000e+00   1.0000000e+00
   9.5600000e+02   1.0000000e+00   1.0000000e+00
   9.6000000e+02   1.0000000e+00   1.0000000e+00
   9.6400000e+02   1.0000000e+00   1.0000000e+00
   9.6800000e+02   1.0000000e+00   1.0000000e+00
   9.7200000e+02   1.0000000e+00   1.0000000e+00
   9.7600000e+02   1.0000000e+00   1.0000000e+00
   9.8000000e+02   1.0000000e+00   1.0000000e+00
   9.8400000e+02   1.0000000e+00   1.0000000e+00
   9.8800000e+02   1.0000000e+00   1.0000000e+00
   9.9200000e+02   1.0000000e+00   1.0000000e+00
   9.9600000e+02   1.0000000e+00   1.0000000e+00
   1.0000000e+03   1.0000000e+00   1.0000000e+00
